[gd_resource type="SkeletonProfile" format=3 uid="uid://bvt3p5qmdut6f"]

[resource]
group_size = 1
bone_size = 44
groups/0/group_name = &""
bones/0/bone_name = &"Bone"
bones/0/bone_parent = &""
bones/0/tail_direction = 0
bones/0/reference_pose = Transform3D(1, -1.72085e-15, 2.38419e-07, -1.77965e-09, 0.999972, 0.00746438, -2.38412e-07, -0.00746438, 0.999972, -0.00184827, -0.0860948, 0.0402659)
bones/0/handle_offset = Vector2(0.499923, 0.435708)
bones/0/group = &""
bones/0/require = false
bones/1/bone_name = &"Bone.001"
bones/1/bone_parent = &"Bone"
bones/1/tail_direction = 0
bones/1/reference_pose = Transform3D(1, 1.81132e-08, 6.89035e-10, -1.81132e-08, 0.99711, 0.0759723, 6.8906e-10, -0.0759724, 0.99711, 4.2703e-10, 0.0709788, 4.54868e-09)
bones/1/handle_offset = Vector2(0.499923, 0.398646)
bones/1/group = &""
bones/1/require = false
bones/2/bone_name = &"Bone.002"
bones/2/bone_parent = &"Bone.001"
bones/2/tail_direction = 0
bones/2/reference_pose = Transform3D(1, -1.57648e-08, 5.21759e-10, 1.57648e-08, 0.997811, -0.0661225, 5.21792e-10, 0.0661225, 0.997811, 2.19653e-10, 0.457322, -5.79533e-09)
bones/2/handle_offset = Vector2(0.499923, 0.160675)
bones/2/group = &""
bones/2/require = false
bones/3/bone_name = &"Bone.004"
bones/3/bone_parent = &"Bone.002"
bones/3/tail_direction = 0
bones/3/reference_pose = Transform3D(1, -4.13384e-09, 3.58704e-11, 4.13384e-09, 0.99985, -0.0173385, 3.58093e-11, 0.0173385, 0.99985, -3.50424e-10, 0.0916717, 6.07863e-10)
bones/3/handle_offset = Vector2(0.499923, 0.112814)
bones/3/group = &""
bones/3/require = false
bones/4/bone_name = &"Cube.042"
bones/4/bone_parent = &"Bone.004"
bones/4/tail_direction = 0
bones/4/reference_pose = Transform3D(1, 8.98556e-15, -2.38419e-07, -1.43604e-15, 1, 3.1665e-08, 2.38419e-07, -3.1665e-08, 1, 5.87374e-05, 0.114347, 0.00368139)
bones/4/handle_offset = Vector2(0.499954, 0.0531043)
bones/4/group = &""
bones/4/require = false
bones/5/bone_name = &"Cube.033"
bones/5/bone_parent = &"Bone.002"
bones/5/tail_direction = 0
bones/5/reference_pose = Transform3D(1, -4.13387e-09, -2.38383e-07, 6.17284e-14, 0.99985, -0.0173384, 2.38419e-07, 0.0173384, 0.99985, 0.000147273, 0.0233495, -0.0140704)
bones/5/handle_offset = Vector2(0.5, 0.148612)
bones/5/group = &""
bones/5/require = false
bones/6/bone_name = &"Bone.005"
bones/6/bone_parent = &"Bone.001"
bones/6/tail_direction = 0
bones/6/reference_pose = Transform3D(1.19209e-07, 1, -2.34693e-07, -0.996515, 5.96046e-08, -0.0834127, -0.0834127, 2.38419e-07, 0.996515, 0.198298, 0.404869, -0.0543673)
bones/6/handle_offset = Vector2(0.60347, 0.190338)
bones/6/group = &""
bones/6/require = false
bones/7/bone_name = &"Bone.006"
bones/7/bone_parent = &"Bone.005"
bones/7/tail_direction = 0
bones/7/reference_pose = Transform3D(0.999994, -0.00350883, 2.57277e-07, 0.00350883, 0.999994, -4.63608e-09, -2.57259e-07, 5.53879e-09, 1, -5.15287e-08, 0.254534, 1.15543e-08)
bones/7/handle_offset = Vector2(0.736381, 0.190338)
bones/7/group = &""
bones/7/require = false
bones/8/bone_name = &"Bone.007"
bones/8/bone_parent = &"Bone.006"
bones/8/tail_direction = 0
bones/8/reference_pose = Transform3D(0.993564, 0.113271, -1.88046e-07, -0.113271, 0.993564, 3.45774e-08, 1.90752e-07, -1.30548e-08, 1, 5.92544e-11, 0.301996, 1.9439e-09)
bones/8/handle_offset = Vector2(0.894075, 0.189784)
bones/8/group = &""
bones/8/require = false
bones/9/bone_name = &"Cube.027"
bones/9/bone_parent = &"Bone.007"
bones/9/tail_direction = 0
bones/9/reference_pose = Transform3D(-0.109784, -0.993955, 2.99904e-07, 0.993955, -0.109784, 2.61661e-08, 6.91679e-09, 3.00964e-07, 1, -0.00362869, 0.10735, 0.000728572)
bones/9/handle_offset = Vector2(0.95, 0.194055)
bones/9/group = &""
bones/9/require = false
bones/10/bone_name = &"Icosphere.018"
bones/10/bone_parent = &"Bone.007"
bones/10/tail_direction = 0
bones/10/reference_pose = Transform3D(-0.109784, -0.993955, 2.99904e-07, 0.993955, -0.109784, 2.61661e-08, 6.91679e-09, 3.00964e-07, 1, -0.000231564, 0.00214774, 0.000526065)
bones/10/handle_offset = Vector2(0.895203, 0.189787)
bones/10/group = &""
bones/10/require = false
bones/11/bone_name = &"Cube.028"
bones/11/bone_parent = &"Bone.006"
bones/11/tail_direction = 0
bones/11/reference_pose = Transform3D(0.00350869, -0.999994, 1.52861e-07, 0.999994, 0.00350869, -3.32923e-08, 3.27558e-08, 1.52977e-07, 1, -0.000354563, 0.142807, 0.00398218)
bones/11/handle_offset = Vector2(0.81095, 0.189891)
bones/11/group = &""
bones/11/require = false
bones/12/bone_name = &"Icosphere.019"
bones/12/bone_parent = &"Bone.006"
bones/12/tail_direction = 0
bones/12/reference_pose = Transform3D(0.00350869, -0.999994, 1.52861e-07, 0.999994, 0.00350869, -3.32923e-08, 3.27558e-08, 1.52977e-07, 1, -0.00104411, 0.00283608, 0.000526054)
bones/12/handle_offset = Vector2(0.73786, 0.189787)
bones/12/group = &""
bones/12/require = false
bones/13/bone_name = &"Cube.029"
bones/13/bone_parent = &"Bone.005"
bones/13/tail_direction = 0
bones/13/reference_pose = Transform3D(0, -1, 3.46452e-07, 1, 0, 2.9296e-08, -2.9296e-08, 3.46452e-07, 1, -0.000611481, 0.14984, -0.00138302)
bones/13/handle_offset = Vector2(0.681713, 0.190018)
bones/13/group = &""
bones/13/require = false
bones/14/bone_name = &"Icosphere.020"
bones/14/bone_parent = &"Bone.005"
bones/14/tail_direction = 0
bones/14/reference_pose = Transform3D(0, -1, 3.46452e-07, 1, 0, 2.9296e-08, -2.9296e-08, 3.46452e-07, 1, 0.00424407, -0.00153756, 0.000355688)
bones/14/handle_offset = Vector2(0.602667, 0.192554)
bones/14/group = &""
bones/14/require = false
bones/15/bone_name = &"Bone.010"
bones/15/bone_parent = &"Bone.001"
bones/15/tail_direction = 0
bones/15/reference_pose = Transform3D(-1.19209e-07, -1, 2.98023e-08, -0.0834132, 0, -0.996515, 0.996515, -1.49012e-07, -0.0834132, -0.199884, 0.404869, -0.0543674)
bones/15/handle_offset = Vector2(0.395549, 0.190338)
bones/15/group = &""
bones/15/require = false
bones/16/bone_name = &"Bone.011"
bones/16/bone_parent = &"Bone.010"
bones/16/tail_direction = 0
bones/16/reference_pose = Transform3D(0, -5.82077e-09, 1, -0.00350882, 0.999994, 5.82077e-09, -0.999994, -0.00350882, 0, -1.60326e-09, 0.254534, -1.16054e-08)
bones/16/handle_offset = Vector2(0.262637, 0.190338)
bones/16/group = &""
bones/16/require = false
bones/17/bone_name = &"Bone.012"
bones/17/bone_parent = &"Bone.011"
bones/17/tail_direction = 0
bones/17/reference_pose = Transform3D(0.993564, -0.113271, 6.48875e-07, 0.113271, 0.993564, 3.99656e-08, -6.49226e-07, 3.37903e-08, 1, -6.59094e-08, 0.301996, 1.19861e-09)
bones/17/handle_offset = Vector2(0.104943, 0.189784)
bones/17/group = &""
bones/17/require = false
bones/18/bone_name = &"Cube.038"
bones/18/bone_parent = &"Bone.012"
bones/18/tail_direction = 0
bones/18/reference_pose = Transform3D(-0.109784, 0.993955, -3.28543e-07, -0.993956, -0.109784, 2.3175e-08, -1.30338e-08, 3.29101e-07, 1, 0.00342226, 0.105481, 0.000728556)
bones/18/handle_offset = Vector2(0.05, 0.194055)
bones/18/group = &""
bones/18/require = false
bones/19/bone_name = &"Icosphere.026"
bones/19/bone_parent = &"Bone.012"
bones/19/tail_direction = 0
bones/19/reference_pose = Transform3D(-0.109784, 0.993955, -3.28543e-07, -0.993956, -0.109784, 2.3175e-08, -1.30338e-08, 3.29101e-07, 1, 2.51111e-05, 0.000279013, 0.000526048)
bones/19/handle_offset = Vector2(0.104797, 0.189787)
bones/19/group = &""
bones/19/require = false
bones/20/bone_name = &"Cube.037"
bones/20/bone_parent = &"Bone.011"
bones/20/tail_direction = 0
bones/20/reference_pose = Transform3D(0.00350869, 0.999994, 3.28838e-07, -0.999994, 0.00350869, -2.9591e-08, -3.07446e-08, -3.28732e-07, 1, 0.000361141, 0.140926, 0.00398219)
bones/20/handle_offset = Vector2(0.18905, 0.189891)
bones/20/group = &""
bones/20/require = false
bones/21/bone_name = &"Icosphere.025"
bones/21/bone_parent = &"Bone.011"
bones/21/tail_direction = 0
bones/21/reference_pose = Transform3D(0.00350869, 0.999994, 3.28838e-07, -0.999994, 0.00350869, -2.9591e-08, -3.07446e-08, -3.28732e-07, 1, 0.0010506, 0.000955949, 0.00052606)
bones/21/handle_offset = Vector2(0.26214, 0.189787)
bones/21/group = &""
bones/21/require = false
bones/22/bone_name = &"Cube.036"
bones/22/bone_parent = &"Bone.010"
bones/22/tail_direction = 0
bones/22/reference_pose = Transform3D(0, -2.98023e-07, 1, -1, -1.19209e-07, 5.96046e-08, 5.96047e-08, -1, -3.57628e-07, -0.00138303, 0.14796, -0.00061152)
bones/22/handle_offset = Vector2(0.318288, 0.190018)
bones/22/group = &""
bones/22/require = false
bones/23/bone_name = &"Icosphere.024"
bones/23/bone_parent = &"Bone.010"
bones/23/tail_direction = 0
bones/23/reference_pose = Transform3D(0, -2.98023e-07, 1, -1, -1.19209e-07, 5.96046e-08, 5.96047e-08, -1, -3.57628e-07, 0.00035568, -0.00341769, 0.00424413)
bones/23/handle_offset = Vector2(0.397333, 0.192554)
bones/23/group = &""
bones/23/require = false
bones/24/bone_name = &"Cube.032"
bones/24/bone_parent = &"Bone.001"
bones/24/tail_direction = 0
bones/24/reference_pose = Transform3D(1, -1.98872e-08, -2.37588e-07, -4.70735e-14, 0.996515, -0.083413, 2.38419e-07, 0.083413, 0.996515, 0.00014727, 0.251361, 0.0025057)
bones/24/handle_offset = Vector2(0.5, 0.26774)
bones/24/group = &""
bones/24/require = false
bones/25/bone_name = &"Bone.003"
bones/25/bone_parent = &"Bone"
bones/25/tail_direction = 0
bones/25/reference_pose = Transform3D(-1, 0.000644811, -2.50584e-05, -0.000642407, -0.998441, -0.0558142, -6.10088e-05, -0.055814, 0.998444, 0.0668247, -0.030869, 0.000702053)
bones/25/handle_offset = Vector2(0.534818, 0.451824)
bones/25/group = &""
bones/25/require = false
bones/26/bone_name = &"Bone.008"
bones/26/bone_parent = &"Bone.003"
bones/26/tail_direction = 0
bones/26/reference_pose = Transform3D(0.999995, -0.00309119, -0.000116253, 0.00308973, 0.999934, -0.0110126, 0.000150288, 0.0110122, 0.999939, -7.99707e-09, 0.425962, 2.52658e-09)
bones/26/handle_offset = Vector2(0.534961, 0.673991)
bones/26/group = &""
bones/26/require = false
bones/27/bone_name = &"Bone.009"
bones/27/bone_parent = &"Bone.008"
bones/27/tail_direction = 0
bones/27/reference_pose = Transform3D(0.996145, -0.0866713, 0.0135781, 0.0876508, 0.976759, -0.195601, 0.00369042, 0.196037, 0.98059, 7.86824e-09, 0.408457, -1.76442e-09)
bones/27/handle_offset = Vector2(0.535758, 0.887128)
bones/27/group = &""
bones/27/require = false
bones/28/bone_name = &"Cube.026"
bones/28/bone_parent = &"Bone.009"
bones/28/tail_direction = 0
bones/28/reference_pose = Transform3D(-0.99581, -0.0914486, 0.000358364, 0.090336, -0.983069, 0.159416, -0.0142261, 0.15878, 0.987209, -0.00290844, 0.123322, 0.0409967)
bones/28/handle_offset = Vector2(0.542783, 0.946896)
bones/28/group = &""
bones/28/require = false
bones/29/bone_name = &"Icosphere.021"
bones/29/bone_parent = &"Bone.009"
bones/29/tail_direction = 0
bones/29/reference_pose = Transform3D(-0.99581, -0.0914486, 0.000358364, 0.090336, -0.983069, 0.159416, -0.0142261, 0.15878, 0.987209, -0.00131951, 0.000561412, 0.00214244)
bones/29/handle_offset = Vector2(0.536454, 0.887175)
bones/29/group = &""
bones/29/require = false
bones/30/bone_name = &"Cube.030"
bones/30/bone_parent = &"Bone.008"
bones/30/tail_direction = 0
bones/30/reference_pose = Transform3D(-0.999993, -0.00373622, -5.52695e-05, 0.00373568, -0.999295, -0.037357, 8.43436e-05, -0.037357, 0.9993, -2.57998e-05, 0.116063, -0.0134262)
bones/30/handle_offset = Vector2(0.5352, 0.734292)
bones/30/group = &""
bones/30/require = false
bones/31/bone_name = &"Icosphere.022"
bones/31/bone_parent = &"Bone.008"
bones/31/tail_direction = 0
bones/31/reference_pose = Transform3D(-0.999993, -0.00373622, -5.52695e-05, 0.00373568, -0.999295, -0.037357, 8.43436e-05, -0.037357, 0.9993, 0.000837206, 0.00730986, -0.0043951)
bones/31/handle_offset = Vector2(0.534538, 0.677722)
bones/31/group = &""
bones/31/require = false
bones/32/bone_name = &"Cube.031"
bones/32/bone_parent = &"Bone.003"
bones/32/tail_direction = 0
bones/32/reference_pose = Transform3D(-1, -0.000642844, -5.59736e-05, 0.000644799, -0.99883, -0.0483596, -2.48204e-05, -0.0483598, 0.998827, -0.000663763, 0.106669, -0.0150691)
bones/32/handle_offset = Vector2(0.5352, 0.507078)
bones/32/group = &""
bones/32/require = false
bones/33/bone_name = &"Icosphere.023"
bones/33/bone_parent = &"Bone.003"
bones/33/tail_direction = 0
bones/33/reference_pose = Transform3D(-1, -0.000642844, -5.59736e-05, 0.000644799, -0.99883, -0.0483596, -2.48204e-05, -0.0483598, 0.998827, 0.000536705, 0.00166215, -0.00190588)
bones/33/handle_offset = Vector2(0.534538, 0.452643)
bones/33/group = &""
bones/33/require = false
bones/34/bone_name = &"Bone.013"
bones/34/bone_parent = &"Bone"
bones/34/tail_direction = 0
bones/34/reference_pose = Transform3D(-1, -0.00064481, -2.4768e-05, 0.000645188, -0.998441, -0.0558142, 1.12601e-05, -0.055814, 0.998444, -0.066567, -0.030869, 0.000702018)
bones/34/handle_offset = Vector2(0.465164, 0.451824)
bones/34/group = &""
bones/34/require = false
bones/35/bone_name = &"Bone.014"
bones/35/bone_parent = &"Bone.013"
bones/35/tail_direction = 0
bones/35/reference_pose = Transform3D(0.999995, 0.00309059, -0.000101621, -0.00309152, 0.999935, -0.0110121, 6.7581e-05, 0.0110123, 0.99994, -1.11658e-09, 0.425962, -2.66664e-09)
bones/35/handle_offset = Vector2(0.46502, 0.673991)
bones/35/group = &""
bones/35/require = false
bones/36/bone_name = &"Bone.015"
bones/36/bone_parent = &"Bone.014"
bones/36/tail_direction = 0
bones/36/reference_pose = Transform3D(0.99612, 0.0867044, 0.0150488, -0.0820275, 0.976759, -0.198025, -0.0318687, 0.196022, 0.980081, 5.39814e-09, 0.408457, 8.54925e-11)
bones/36/handle_offset = Vector2(0.464223, 0.887128)
bones/36/group = &""
bones/36/require = false
bones/37/bone_name = &"Cube.041"
bones/37/bone_parent = &"Bone.015"
bones/37/tail_direction = 0
bones/37/reference_pose = Transform3D(-0.99581, 0.0868757, -0.0285592, -0.0903361, -0.98307, 0.159415, -0.0142264, 0.161328, 0.986796, 0.00254549, 0.123396, 0.0410746)
bones/37/handle_offset = Vector2(0.456774, 0.946896)
bones/37/group = &""
bones/37/require = false
bones/38/bone_name = &"Icosphere.029"
bones/38/bone_parent = &"Bone.015"
bones/38/tail_direction = 0
bones/38/reference_pose = Transform3D(-0.99581, 0.0868757, -0.0285592, -0.0903361, -0.98307, 0.159415, -0.0142264, 0.161328, 0.986796, 0.00122105, 0.000558414, 0.00217874)
bones/38/handle_offset = Vector2(0.463546, 0.887175)
bones/38/group = &""
bones/38/require = false
bones/39/bone_name = &"Cube.040"
bones/39/bone_parent = &"Bone.014"
bones/39/tail_direction = 0
bones/39/reference_pose = Transform3D(-0.999993, 0.00372989, 0.000223569, -0.00373564, -0.999295, -0.037357, 8.40739e-05, -0.0373577, 0.9993, 0.00304081, 0.203871, -0.0118478)
bones/39/handle_offset = Vector2(0.463034, 0.780136)
bones/39/group = &""
bones/39/require = false
bones/40/bone_name = &"Icosphere.028"
bones/40/bone_parent = &"Bone.014"
bones/40/tail_direction = 0
bones/40/reference_pose = Transform3D(-0.999993, 0.00372989, 0.000223569, -0.00373564, -0.999295, -0.037357, 8.40739e-05, -0.0373577, 0.9993, -0.000874792, 0.00730989, -0.00439495)
bones/40/handle_offset = Vector2(0.465462, 0.677722)
bones/40/group = &""
bones/40/require = false
bones/41/bone_name = &"Cube.039"
bones/41/bone_parent = &"Bone.013"
bones/41/tail_direction = 0
bones/41/reference_pose = Transform3D(-1, 0.000645257, 6.68248e-06, -0.000644825, -0.99883, -0.0483596, -2.45298e-05, -0.0483597, 0.998828, 0.00761591, 0.197413, -0.00197754)
bones/41/handle_offset = Vector2(0.46112, 0.554735)
bones/41/group = &""
bones/41/require = false
bones/42/bone_name = &"Icosphere.027"
bones/42/bone_parent = &"Bone.013"
bones/42/tail_direction = 0
bones/42/reference_pose = Transform3D(-1, 0.000645257, 6.68248e-06, -0.000644825, -0.99883, -0.0483596, -2.45298e-05, -0.0483597, 0.998828, -0.00057349, 0.00166216, -0.0019059)
bones/42/handle_offset = Vector2(0.465462, 0.452643)
bones/42/group = &""
bones/42/require = false
bones/43/bone_name = &"Cube.035"
bones/43/bone_parent = &"Bone"
bones/43/tail_direction = 0
bones/43/reference_pose = Transform3D(1, -1.77963e-09, -2.38412e-07, -1.59872e-14, 0.999972, -0.00746438, 2.38419e-07, 0.00746438, 0.999972, 0.000147278, 0.0387348, -0.0289516)
bones/43/handle_offset = Vector2(0.5, 0.415595)
bones/43/group = &""
bones/43/require = false
